48 48 48 48 48 48 48 48 48 48 48 48 176 176 48 48 176 176 48 48 48 48 48 48 48 48 48 48 48 48 48 48 48 48 48 48 48 48 48 48 48 48 48 48 48 48 48 48 48 48 48 48 48 48 48 48 48 48 48 48 48 48 48 48 176 176 48 48 48 48 48 48 48 48 48 48 48 48 48 48 48 48 48 48 48 48 48 48 48 48 48 48 48 48 48 48 48 48 48 48 48 48 48 48 48 48 48 48 48 48 48 48 48 48 48 48 48 48 48 48 48 48 48 48 48 48 48 48 48 48 48 48 48 48 48 48 48 48 48 48 48 48 48 48 48 48 48 48 48 48 48 48 48 48 48 48 48 48 48 48 
48 48 48 48 48 48 48 48 48 48 48 48 176 176 176 176 48 48 48 48 48 48 48 48 48 48 80 96 80 96 48 48 80 96 48 48 48 48 80 96 48 48 48 48 80 96 80 96 80 96 48 48 80 96 48 48 48 48 48 48 48 48 176 176 176 176 48 48 48 48 48 48 48 48 48 48 48 48 48 48 48 48 48 48 48 48 48 48 48 48 48 48 48 48 48 48 48 48 48 48 48 48 48 48 48 48 48 48 48 48 48 48 48 48 48 48 48 48 48 48 48 48 48 48 48 48 48 48 48 48 48 48 48 48 48 48 48 48 48 48 48 48 48 48 48 48 48 48 48 48 48 48 48 48 48 48 48 48 48 48 
48 48 48 48 48 48 48 48 48 48 48 48 176 176 48 48 48 48 48 48 48 48 80 96 48 48 48 48 48 48 48 48 48 48 48 48 48 48 48 48 80 96 80 96 48 48 48 48 48 48 48 48 48 48 80 96 48 48 48 48 176 176 176 176 48 48 48 48 48 48 48 48 48 48 48 48 48 48 48 48 48 48 48 48 48 48 48 48 48 48 48 48 48 48 48 48 48 48 48 48 48 48 48 48 48 48 48 48 48 48 48 48 48 48 48 48 48 48 48 48 48 48 48 48 48 48 48 48 48 48 48 48 48 48 48 48 48 48 48 48 48 48 48 48 48 48 48 48 48 48 48 48 48 48 48 48 48 48 48 48 
48 48 48 48 48 48 48 48 48 48 176 176 48 48 48 48 176 176 80 96 176 176 176 176 176 176 176 176 176 176 48 48 48 48 48 48 48 48 80 96 48 48 48 48 48 48 48 48 48 48 176 176 176 176 176 176 176 176 176 176 176 176 48 48 48 48 48 48 48 48 48 48 48 48 48 48 48 48 48 48 48 48 48 48 176 176 176 176 176 176 176 176 48 48 48 48 48 48 48 48 48 48 48 48 48 48 48 48 48 48 48 48 48 48 48 48 48 48 48 48 48 48 48 48 48 48 48 48 48 48 48 48 48 48 48 48 48 48 48 48 48 48 48 48 48 48 48 48 48 48 48 48 48 48 48 48 48 48 48 48 
48 48 48 48 48 48 48 48 48 48 48 48 48 48 176 176 48 48 176 176 176 176 176 176 48 48 176 176 176 176 176 176 176 176 176 176 48 48 48 48 48 48 48 48 48 48 80 96 48 48 176 176 48 48 48 48 176 176 80 96 176 176 48 48 48 48 48 48 48 48 48 48 48 48 48 48 48 48 48 48 48 48 176 176 176 176 48 48 48 48 176 176 48 48 48 48 48 48 48 48 48 48 48 48 48 48 48 48 48 48 48 48 48 48 48 48 48 48 48 48 48 48 48 48 48 48 48 48 48 48 48 48 48 48 48 48 48 48 48 48 48 48 48 48 48 48 48 48 48 48 48 48 48 48 48 48 48 48 48 48 
48 48 48 48 48 48 176 176 176 176 176 176 176 176 176 176 80 96 48 48 48 48 48 48 48 48 48 48 48 48 48 48 48 48 48 48 176 176 48 48 176 176 48 48 80 96 48 48 48 48 176 176 48 48 48 48 176 176 176 176 176 176 80 96 48 48 176 176 176 176 48 48 176 176 48 48 176 176 176 176 176 176 176 176 176 176 176 176 48 48 176 176 48 48 48 48 48 48 48 48 48 48 48 48 48 48 48 48 48 48 48 48 48 48 48 48 48 48 48 48 48 48 48 48 48 48 48 48 48 48 48 48 48 48 48 48 48 48 48 48 48 48 48 48 48 48 48 48 48 48 48 48 48 48 48 48 48 48 48 48 
48 48 48 48 176 176 48 48 48 48 48 48 176 176 48 48 48 48 48 48 48 48 176 176 48 48 176 176 48 48 176 176 48 48 80 96 80 96 80 96 176 176 48 48 176 176 48 48 176 176 80 96 80 96 176 176 80 96 176 176 48 48 48 48 48 48 48 48 48 48 48 48 48 48 48 48 176 176 176 176 176 176 176 176 176 176 48 48 176 176 48 48 48 48 48 48 48 48 48 48 48 48 48 48 48 48 48 48 48 48 48 48 48 48 48 48 48 48 48 48 48 48 48 48 48 48 48 48 48 48 48 48 48 48 48 48 48 48 48 48 48 48 48 48 48 48 48 48 48 48 48 48 48 48 48 48 48 48 48 48 
48 48 176 176 48 48 48 48 176 176 48 48 176 176 176 176 48 48 48 48 176 176 48 48 48 48 48 48 80 96 48 48 176 176 176 176 176 176 176 176 48 48 176 176 176 176 176 176 48 48 176 176 176 176 176 176 176 176 176 176 176 176 80 96 176 176 176 176 176 176 176 176 176 176 176 176 176 176 176 176 176 176 176 176 176 176 176 176 48 48 48 48 48 48 48 48 48 48 48 48 48 48 48 48 48 48 48 48 48 48 48 48 48 48 48 48 48 48 48 48 48 48 48 48 48 48 48 48 48 48 48 48 48 48 48 48 48 48 48 48 48 48 48 48 48 48 48 48 48 48 48 48 48 48 48 48 48 48 48 48 
176 176 48 48 48 48 48 48 176 176 48 48 176 176 80 96 176 176 176 176 176 176 48 48 48 48 80 96 80 96 80 96 80 96 176 176 176 176 176 176 176 176 48 48 48 48 48 48 176 176 176 176 48 48 176 176 80 96 48 48 176 176 48 48 176 176 80 96 176 176 176 176 176 176 176 176 176 176 176 176 176 176 176 176 176 176 176 176 176 176 176 176 48 48 48 48 48 48 48 48 48 48 48 48 48 48 48 48 48 48 48 48 48 48 48 48 48 48 48 48 48 48 48 48 48 48 48 48 48 48 48 48 48 48 48 48 48 48 48 48 48 48 48 48 48 48 48 48 48 48 48 48 48 48 48 48 48 48 48 48 
176 176 48 48 48 48 48 48 48 48 48 48 48 48 176 176 176 176 48 48 176 176 80 96 80 96 176 176 48 48 176 176 80 96 176 176 80 96 48 48 176 176 176 176 48 48 48 48 176 176 176 176 48 48 176 176 48 48 176 176 176 176 48 48 48 48 80 96 176 176 48 48 48 48 48 48 176 176 48 48 176 176 176 176 48 48 48 48 48 48 176 176 176 176 176 176 48 48 48 48 48 48 48 48 48 48 48 48 48 48 48 48 48 48 48 48 48 48 48 48 48 48 48 48 48 48 48 48 48 48 48 48 48 48 48 48 48 48 48 48 48 48 48 48 48 48 48 48 48 48 48 48 48 48 48 48 48 48 48 48 
176 176 176 176 176 176 48 48 48 48 48 48 48 48 176 176 176 176 176 176 176 176 80 96 176 176 48 48 48 48 48 48 176 176 48 48 176 176 80 96 176 176 48 48 176 176 48 48 176 176 48 48 176 176 48 48 48 48 176 176 80 96 176 176 48 48 176 176 48 48 80 96 176 176 176 176 80 96 176 176 80 96 48 48 80 96 80 96 48 48 48 48 48 48 176 176 48 48 48 48 48 48 48 48 48 48 48 48 48 48 48 48 48 48 48 48 48 48 48 48 48 48 48 48 48 48 48 48 48 48 48 48 48 48 48 48 48 48 48 48 48 48 48 48 48 48 48 48 48 48 48 48 48 48 48 48 48 48 48 48 
48 48 48 48 176 176 176 176 176 176 48 48 80 96 176 176 176 176 80 96 48 48 48 48 48 48 176 176 48 48 176 176 80 96 48 48 48 48 48 48 48 48 176 176 176 176 176 176 48 48 176 176 48 48 176 176 176 176 176 176 176 176 176 176 80 96 176 176 176 176 176 176 80 96 176 176 48 48 48 48 176 176 48 48 176 176 48 48 80 96 80 96 176 176 176 176 48 48 48 48 48 48 48 48 48 48 48 48 48 48 48 48 48 48 48 48 48 48 48 48 48 48 48 48 48 48 48 48 48 48 48 48 48 48 48 48 48 48 48 48 48 48 48 48 48 48 48 48 48 48 48 48 48 48 48 48 48 48 48 48 
48 48 48 48 48 48 48 48 48 48 176 176 176 176 176 176 48 48 80 96 176 176 176 176 176 176 48 48 48 48 48 48 48 48 48 48 48 48 48 48 80 96 176 176 176 176 80 96 176 176 176 176 80 96 176 176 176 176 80 96 80 96 48 48 80 96 176 176 176 176 176 176 48 48 176 176 80 96 176 176 176 176 176 176 176 176 176 176 176 176 80 96 48 48 48 48 48 48 48 48 48 48 48 48 48 48 48 48 48 48 48 48 48 48 48 48 48 48 48 48 48 48 48 48 48 48 48 48 48 48 48 48 48 48 48 48 48 48 48 48 48 48 48 48 48 48 48 48 48 48 48 48 48 48 48 48 48 48 48 48 
48 48 48 48 48 48 176 176 48 48 176 176 176 176 80 96 176 176 176 176 176 176 48 48 176 176 48 48 176 176 48 48 80 96 176 176 80 96 80 96 48 48 80 96 176 176 176 176 80 96 80 96 176 176 80 96 48 48 80 96 176 176 80 96 80 96 176 176 48 48 80 96 48 48 80 96 176 176 48 48 176 176 48 48 176 176 176 176 48 48 80 96 48 48 48 48 48 48 48 48 48 48 48 48 48 48 48 48 48 48 48 48 48 48 48 48 48 48 48 48 48 48 48 48 48 48 48 48 48 48 48 48 48 48 48 48 48 48 48 48 48 48 48 48 48 48 48 48 48 48 48 48 48 48 48 48 48 48 48 48 
48 48 48 48 48 48 176 176 176 176 80 96 176 176 176 176 80 96 176 176 176 176 176 176 176 176 80 96 176 176 176 176 80 96 48 48 176 176 176 176 192 208 192 208 192 208 192 208 192 208 192 208 192 208 80 96 176 176 80 96 48 48 80 96 48 48 80 96 176 176 48 48 48 48 48 48 80 96 48 48 176 176 176 176 176 176 176 176 48 48 80 96 48 48 48 48 48 48 48 48 48 48 48 48 48 48 48 48 48 48 48 48 48 48 48 48 48 48 48 48 48 48 48 48 48 48 48 48 48 48 48 48 48 48 48 48 48 48 48 48 48 48 48 48 48 48 48 48 48 48 48 48 48 48 48 48 48 48 48 48 
48 48 48 48 48 48 176 176 48 48 176 176 176 176 176 176 176 176 176 176 176 176 80 96 176 176 48 48 80 96 48 48 192 208 192 208 192 208 192 208 192 208 80 96 80 96 176 176 48 48 80 96 192 208 192 208 192 208 192 208 48 48 48 48 80 96 48 48 80 96 80 96 176 176 176 176 48 48 176 176 80 96 176 176 176 176 48 48 48 48 48 48 48 48 48 48 48 48 48 48 48 48 48 48 48 48 48 48 48 48 48 48 48 48 48 48 48 48 48 48 48 48 48 48 48 48 48 48 48 48 48 48 48 48 48 48 48 48 48 48 48 48 48 48 48 48 48 48 48 48 48 48 48 48 48 48 48 48 48 48 
48 48 48 48 176 176 48 48 176 176 80 96 48 48 176 176 48 48 80 96 176 176 48 48 192 208 192 208 192 208 192 208 176 176 48 48 48 48 80 96 80 96 48 48 80 96 48 256 48 256 48 256 48 256 176 176 176 176 192 208 192 208 192 208 192 208 48 48 48 48 176 176 176 176 80 96 80 96 176 176 176 176 80 96 48 48 48 48 48 48 80 96 48 48 48 48 48 48 48 48 48 48 48 48 48 48 48 48 48 48 48 48 48 48 48 48 48 48 48 48 48 48 48 48 48 48 48 48 48 48 48 48 48 48 48 48 48 48 48 48 48 48 48 48 48 48 48 48 48 48 48 48 48 48 48 48 48 48 48 48 
48 48 48 48 176 176 176 176 176 176 48 48 80 96 176 176 80 96 48 48 192 208 192 208 192 208 176 176 176 176 176 176 16 160 16 160 48 48 176 176 48 256 48 256 48 256 80 96 176 176 48 48 48 256 48 256 48 48 176 176 176 176 48 48 192 208 192 208 192 208 80 96 80 96 176 176 176 176 80 96 176 176 80 96 48 48 80 96 48 48 48 48 48 48 48 48 48 48 48 48 48 48 48 48 48 48 48 48 48 48 48 48 48 48 48 48 48 48 48 48 48 48 48 48 48 48 48 48 48 48 48 48 48 48 48 48 48 48 48 48 48 48 48 48 48 48 48 48 48 48 48 48 48 48 48 48 48 48 48 48 
48 48 48 48 176 176 176 176 80 96 48 48 48 48 48 48 192 208 192 208 176 176 176 176 48 48 176 176 176 176 16 160 16 160 80 96 48 256 48 256 176 176 176 176 176 176 80 96 48 48 0 0 48 256 0 0 176 176 0 0 0 0 176 176 176 176 0 0 192 208 192 208 192 208 176 176 80 96 176 176 176 176 80 96 48 48 48 48 80 96 48 48 48 48 48 48 48 48 48 48 48 48 48 48 48 48 48 48 48 48 48 48 48 48 48 48 48 48 48 48 48 48 48 48 48 48 48 48 48 48 48 48 48 48 48 48 48 48 48 48 48 48 48 48 48 48 48 48 48 48 48 48 48 48 48 48 48 48 48 48 
48 48 48 48 176 176 48 48 176 176 48 48 176 176 192 208 192 208 176 176 176 176 16 160 16 160 80 96 16 160 16 160 16 160 16 160 16 160 16 160 16 160 16 224 176 176 16 16 176 176 80 96 48 256 80 96 0 0 176 176 48 48 48 48 176 176 176 176 176 176 176 176 192 208 192 208 192 208 176 176 80 96 80 96 48 48 48 48 48 48 48 48 48 48 48 48 48 48 48 48 48 48 48 48 48 48 48 48 48 48 48 48 48 48 48 48 48 48 48 48 48 48 48 48 48 48 48 48 48 48 48 48 48 48 48 48 48 48 48 48 48 48 48 48 48 48 48 48 48 48 48 48 48 48 48 48 48 48 48 48 
48 48 48 48 176 176 80 96 176 176 48 48 80 96 192 208 48 48 16 160 16 160 16 160 16 160 16 160 16 160 16 160 80 96 16 160 16 160 16 160 32 224 16 16 0 224 16 160 16 160 16 160 48 256 176 176 16 160 16 160 16 160 176 176 80 96 48 48 176 176 176 176 80 96 176 176 192 208 192 208 80 96 176 176 48 48 80 96 48 48 80 96 48 48 48 48 48 48 48 48 48 48 48 48 48 48 48 48 48 48 48 48 48 48 48 48 48 48 48 48 48 48 48 48 48 48 48 48 48 48 48 48 48 48 48 48 48 48 48 48 48 48 48 48 48 48 48 48 48 48 48 48 48 48 48 48 48 48 48 48 
48 48 48 48 176 176 48 48 176 176 48 48 192 208 176 176 16 160 16 160 16 160 16 160 16 160 16 160 16 160 16 160 16 160 176 176 80 96 32 208 16 16 112 112 16 16 0 224 16 160 16 160 176 176 16 160 16 160 16 160 176 176 176 176 176 176 80 96 176 176 176 176 176 176 176 176 176 176 192 208 192 208 48 48 80 96 48 48 48 48 80 96 80 96 48 48 48 48 48 48 48 48 48 48 48 48 48 48 48 48 48 48 48 48 48 48 48 48 48 48 48 48 48 48 48 48 48 48 48 48 48 48 48 48 48 48 48 48 48 48 48 48 48 48 48 48 48 48 48 48 48 48 48 48 48 48 48 48 48 48 
48 48 48 48 176 176 176 176 80 96 192 208 192 208 16 160 16 160 16 160 16 160 16 160 16 160 16 160 16 160 16 160 80 96 16 224 16 224 32 224 16 16 16 16 16 16 0 192 176 176 16 160 16 160 16 160 16 160 176 176 176 176 48 48 48 48 176 176 176 176 80 96 176 176 176 176 0 0 48 48 192 208 80 96 80 96 48 48 48 48 48 48 48 48 48 48 48 48 48 48 48 48 48 48 48 48 48 48 48 48 48 48 48 48 48 48 48 48 48 48 48 48 48 48 48 48 48 48 48 48 48 48 48 48 48 48 48 48 48 48 48 48 48 48 48 48 48 48 48 48 48 48 48 48 48 48 48 48 48 48 
48 48 48 48 80 96 176 176 80 96 192 208 16 160 16 160 16 160 16 160 16 160 16 160 16 160 80 96 16 160 176 176 32 224 16 16 16 16 16 16 16 16 16 16 16 16 16 160 16 160 16 160 176 176 16 160 80 96 176 176 176 176 176 176 176 176 176 176 176 176 176 176 80 96 80 96 176 176 176 176 192 208 192 208 48 48 176 176 80 96 48 48 80 96 80 96 48 48 48 48 48 48 48 48 48 48 48 48 48 48 48 48 48 48 48 48 48 48 48 48 48 48 48 48 48 48 48 48 48 48 48 48 48 48 48 48 48 48 48 48 48 48 48 48 48 48 48 48 48 48 48 48 48 48 48 48 48 48 48 48 
48 48 48 48 176 176 80 96 176 176 192 208 80 96 16 160 16 160 16 160 176 176 16 160 16 160 48 256 16 160 32 208 16 16 16 16 16 16 112 112 16 16 16 16 0 192 16 160 48 256 176 176 16 160 176 176 176 176 176 176 176 176 176 176 176 176 176 176 176 176 176 176 48 48 48 48 176 176 48 48 176 176 192 208 176 176 176 176 80 96 48 48 48 48 80 96 48 48 48 48 48 48 48 48 48 48 48 48 48 48 48 48 48 48 48 48 48 48 48 48 48 48 48 48 48 48 48 48 48 48 48 48 48 48 48 48 48 48 48 48 48 48 48 48 48 48 48 48 48 48 48 48 48 48 48 48 48 48 48 48 
176 176 176 176 176 176 176 176 48 48 192 208 176 176 16 160 48 48 176 176 176 176 16 160 16 160 16 160 16 160 32 208 16 16 112 112 16 16 16 16 16 16 0 192 16 160 16 160 16 160 16 160 16 160 16 160 16 160 16 160 16 160 16 160 16 160 16 160 16 160 176 176 176 176 176 176 176 176 176 176 192 208 192 208 176 176 176 176 176 176 176 176 48 48 48 48 80 96 48 48 48 48 48 48 48 48 48 48 48 48 48 48 48 48 48 48 48 48 48 48 48 48 48 48 48 48 48 48 48 48 48 48 48 48 48 48 48 48 48 48 48 48 48 48 48 48 48 48 48 48 48 48 48 48 48 48 48 48 48 48 
176 176 48 48 80 96 48 48 80 96 192 208 80 96 176 176 176 176 176 176 176 176 176 176 80 96 48 256 176 176 32 208 16 16 16 16 16 16 16 16 0 192 16 160 16 160 16 160 48 48 16 160 176 176 48 48 48 48 176 176 176 176 176 176 176 176 16 160 176 176 176 176 48 48 48 48 48 48 48 48 192 208 48 48 176 176 176 176 80 96 80 96 48 48 48 48 80 96 48 48 48 48 48 48 48 48 48 48 48 48 48 48 48 48 48 48 48 48 48 48 48 48 48 48 48 48 48 48 48 48 48 48 48 48 48 48 48 48 48 48 48 48 48 48 48 48 48 48 48 48 48 48 48 48 48 48 48 48 48 48 
48 48 48 48 176 176 176 176 176 176 176 176 192 208 176 176 176 176 80 96 176 176 176 176 80 96 80 96 48 256 176 176 16 192 16 192 16 192 16 192 176 176 48 256 0 0 48 48 16 160 176 176 176 176 48 48 48 48 176 176 176 176 176 176 16 160 176 176 176 176 176 176 176 176 176 176 48 48 192 208 48 48 48 48 176 176 176 176 176 176 80 96 48 48 48 48 80 96 48 48 48 48 48 48 48 48 48 48 48 48 48 48 48 48 48 48 48 48 48 48 48 48 48 48 48 48 48 48 48 48 48 48 48 48 48 48 48 48 48 48 48 48 48 48 48 48 48 48 48 48 48 48 48 48 48 48 48 48 48 48 
176 176 176 176 80 96 176 176 48 48 176 176 192 208 192 208 176 176 176 176 176 176 80 96 80 96 48 48 48 256 176 176 48 48 48 48 80 96 48 256 176 176 0 0 0 0 16 160 176 176 176 176 48 48 176 176 176 176 176 176 16 160 16 160 176 176 176 176 48 48 176 176 48 48 176 176 192 208 192 208 48 48 48 48 176 176 176 176 176 176 80 96 80 96 48 48 80 96 48 48 48 48 48 48 48 48 48 48 48 48 48 48 48 48 48 48 48 48 48 48 48 48 48 48 48 48 48 48 48 48 48 48 48 48 48 48 48 48 48 48 48 48 48 48 48 48 48 48 48 48 48 48 48 48 48 48 48 48 48 48 
176 176 176 176 80 96 48 48 48 48 176 176 80 96 192 208 192 208 80 96 48 256 48 256 80 96 80 96 80 96 48 256 176 176 48 48 48 256 48 48 176 176 0 0 0 0 16 160 176 176 176 176 176 176 176 176 16 160 16 160 16 160 48 256 48 48 176 176 176 176 48 48 192 208 192 208 176 176 48 48 176 176 176 176 48 48 48 48 80 96 176 176 48 48 48 48 80 96 48 48 48 48 48 48 48 48 48 48 48 48 48 48 48 48 48 48 48 48 48 48 48 48 48 48 48 48 48 48 48 48 48 48 48 48 48 48 48 48 48 48 48 48 48 48 48 48 48 48 48 48 48 48 48 48 48 48 48 48 48 48 
48 48 176 176 48 48 48 48 48 48 80 96 48 256 48 256 192 208 192 208 192 208 192 208 80 96 80 96 48 256 48 256 48 256 48 256 176 176 48 256 176 176 48 256 16 160 16 160 48 256 176 176 16 160 16 160 48 256 48 256 48 256 176 176 176 176 48 48 192 208 192 208 192 208 176 176 176 176 48 48 176 176 48 48 176 176 176 176 176 176 80 96 176 176 80 96 48 48 48 48 48 48 48 48 48 48 48 48 48 48 48 48 48 48 48 48 48 48 48 48 48 48 48 48 48 48 48 48 48 48 48 48 48 48 48 48 48 48 48 48 48 48 48 48 48 48 48 48 48 48 48 48 48 48 48 48 48 48 48 48 
48 48 48 48 80 96 176 176 48 48 176 176 48 256 48 256 48 256 80 96 80 96 192 208 192 208 192 208 176 176 176 176 176 176 80 96 176 176 176 176 176 176 176 176 16 160 16 160 16 160 16 160 48 256 48 48 48 256 176 176 48 256 48 256 192 208 192 208 192 208 48 48 48 48 176 176 176 176 176 176 48 48 48 48 48 48 176 176 176 176 80 96 80 96 48 48 80 96 48 48 48 48 48 48 48 48 48 48 48 48 48 48 48 48 48 48 48 48 48 48 48 48 48 48 48 48 48 48 48 48 48 48 48 48 48 48 48 48 48 48 48 48 48 48 48 48 48 48 48 48 48 48 48 48 48 48 48 48 48 48 
48 48 80 96 48 48 176 176 176 176 176 176 80 96 176 176 48 48 176 176 176 176 80 96 48 48 192 208 192 208 192 208 192 208 192 208 192 208 176 176 176 176 176 176 48 256 176 176 48 256 48 256 48 48 176 176 176 176 48 256 192 208 192 208 192 208 48 48 176 176 176 176 176 176 176 176 176 176 176 176 176 176 176 176 176 176 48 48 176 176 176 176 176 176 48 48 80 96 48 48 48 48 48 48 48 48 48 48 48 48 48 48 48 48 48 48 48 48 48 48 48 48 48 48 48 48 48 48 48 48 48 48 48 48 48 48 48 48 48 48 48 48 48 48 48 48 48 48 48 48 48 48 48 48 48 48 48 48 48 48 
48 48 48 48 80 96 176 176 176 176 80 96 80 96 176 176 176 176 176 176 80 96 176 176 48 48 176 176 0 0 80 96 176 176 48 256 192 208 192 208 192 208 192 208 192 208 192 208 192 208 192 208 192 208 192 208 192 208 192 208 192 208 176 176 48 48 48 48 48 48 48 48 176 176 176 176 176 176 176 176 176 176 48 48 48 48 176 176 176 176 80 96 176 176 80 96 48 48 48 48 48 48 48 48 48 48 48 48 48 48 48 48 48 48 48 48 48 48 48 48 48 48 48 48 48 48 48 48 48 48 48 48 48 48 48 48 48 48 48 48 48 48 48 48 48 48 48 48 48 48 48 48 48 48 48 48 48 48 48 48 
48 48 48 48 176 176 176 176 48 48 48 48 48 48 176 176 176 176 48 48 80 96 48 256 48 256 48 256 48 256 80 96 80 96 176 176 176 176 176 176 0 0 0 0 0 0 48 256 48 256 176 176 48 256 48 256 48 256 48 48 48 48 48 48 176 176 48 48 48 48 176 176 48 48 176 176 176 176 176 176 176 176 176 176 48 48 48 48 176 176 80 96 80 96 80 96 48 48 48 48 48 48 48 48 48 48 48 48 48 48 48 48 48 48 48 48 48 48 48 48 48 48 48 48 48 48 48 48 48 48 48 48 48 48 48 48 48 48 48 48 48 48 48 48 48 48 48 48 48 48 48 48 48 48 48 48 48 48 48 48 
48 48 80 96 48 48 80 96 176 176 176 176 176 176 80 96 176 176 48 256 80 96 80 96 48 48 0 0 176 176 176 176 80 96 80 96 0 0 176 176 176 176 176 176 176 176 176 176 176 176 176 176 48 48 48 48 176 176 48 48 48 48 48 48 48 48 176 176 176 176 176 176 176 176 176 176 176 176 176 176 48 48 176 176 48 48 176 176 176 176 48 48 80 96 0 0 48 48 48 48 48 48 48 48 48 48 48 48 48 48 48 48 48 48 48 48 48 48 48 48 48 48 48 48 48 48 48 48 48 48 48 48 48 48 48 48 48 48 48 48 48 48 48 48 48 48 48 48 48 48 48 48 48 48 48 48 48 48 48 48 
48 48 48 48 48 48 48 48 48 48 80 96 48 48 48 48 176 176 80 96 80 96 48 48 176 176 176 176 48 48 48 48 48 48 80 96 80 96 0 0 48 48 80 96 80 96 48 48 48 48 48 48 48 48 48 48 48 48 176 176 48 48 176 176 48 48 48 48 48 48 48 48 48 48 176 176 48 48 176 176 48 48 176 176 48 48 176 176 176 176 80 96 80 96 0 0 48 48 176 176 48 48 48 48 48 48 48 48 48 48 48 48 48 48 48 48 48 48 48 48 48 48 48 48 48 48 48 48 48 48 48 48 48 48 48 48 48 48 48 48 48 48 48 48 48 48 48 48 48 48 48 48 48 48 48 48 48 48 48 48 
48 48 48 48 48 48 48 48 48 48 48 48 48 48 80 96 176 176 48 48 80 96 80 96 176 176 176 176 48 48 80 96 48 48 48 48 48 48 80 96 80 96 80 96 48 48 48 48 48 48 48 48 48 48 48 48 176 176 48 48 48 48 48 48 176 176 48 48 48 48 48 48 48 48 48 48 176 176 176 176 48 48 176 176 176 176 48 48 176 176 80 96 80 96 0 0 0 0 48 48 48 48 48 48 48 48 48 48 48 48 48 48 48 48 48 48 48 48 48 48 48 48 48 48 48 48 48 48 48 48 48 48 48 48 48 48 48 48 48 48 48 48 48 48 48 48 48 48 48 48 48 48 48 48 48 48 48 48 48 48 
48 48 48 48 48 48 48 48 80 96 48 48 48 48 176 176 80 96 176 176 80 96 48 48 80 96 176 176 176 176 48 48 176 176 48 48 176 176 0 0 80 96 48 48 48 48 176 176 48 48 48 48 176 176 48 48 48 48 48 48 48 48 48 48 48 48 48 48 176 176 176 176 48 48 48 48 176 176 176 176 176 176 176 176 48 48 176 176 176 176 176 176 0 0 48 48 0 0 48 48 48 48 48 48 48 48 48 48 48 48 48 48 48 48 48 48 48 48 48 48 48 48 48 48 48 48 48 48 48 48 48 48 48 48 48 48 48 48 48 48 48 48 48 48 48 48 48 48 48 48 48 48 48 48 48 48 48 48 48 48 
48 48 48 48 80 96 48 48 48 48 48 48 80 96 176 176 48 48 80 96 80 96 48 48 48 48 80 96 48 48 80 96 48 48 80 96 80 96 0 0 80 96 0 0 0 0 48 48 48 48 48 48 48 48 48 48 48 48 48 48 48 48 48 48 48 48 48 48 48 48 48 48 48 48 176 176 176 176 176 176 48 48 176 176 176 176 176 176 80 96 80 96 0 0 48 48 0 0 48 48 48 48 48 48 48 48 48 48 48 48 48 48 48 48 48 48 48 48 48 48 48 48 48 48 48 48 48 48 48 48 48 48 48 48 48 48 48 48 48 48 48 48 48 48 48 48 48 48 48 48 48 48 48 48 48 48 48 48 48 48 
48 48 48 48 48 48 48 48 48 48 80 96 48 48 176 176 80 96 48 48 80 96 80 96 48 48 48 48 80 96 48 48 48 48 48 48 48 48 48 48 80 96 48 48 80 96 48 48 48 48 48 48 48 48 48 48 48 48 48 48 48 48 48 48 48 48 48 48 48 48 48 48 48 48 48 48 176 176 176 176 176 176 176 176 176 176 176 176 80 96 176 176 0 0 176 176 48 48 48 48 48 48 48 48 48 48 48 48 48 48 48 48 48 48 48 48 48 48 48 48 48 48 48 48 48 48 48 48 48 48 48 48 48 48 48 48 48 48 48 48 48 48 48 48 48 48 48 48 48 48 48 48 48 48 48 48 48 48 48 48 
48 48 48 48 48 48 48 48 48 48 48 48 176 176 80 96 176 176 80 96 80 96 80 96 48 48 0 0 48 48 80 96 80 96 48 48 48 48 48 48 80 96 0 0 48 48 48 48 48 48 48 48 48 48 48 48 48 48 48 48 48 48 48 48 48 48 48 48 48 48 48 48 48 48 176 176 48 48 176 176 176 176 176 176 176 176 176 176 0 0 80 96 80 96 0 0 48 48 48 48 48 48 48 48 48 48 48 48 48 48 48 48 48 48 48 48 48 48 48 48 48 48 48 48 48 48 48 48 48 48 48 48 48 48 48 48 48 48 48 48 48 48 48 48 48 48 48 48 48 48 48 48 48 48 48 48 48 48 48 48 
48 48 48 48 48 48 48 48 48 48 176 176 176 176 48 48 80 96 48 48 80 96 80 96 48 48 0 0 48 48 48 48 48 48 80 96 80 96 48 48 80 96 0 0 48 48 48 48 48 48 48 48 48 48 48 48 48 48 48 48 48 48 48 48 48 48 48 48 48 48 48 48 176 176 48 48 176 176 176 176 176 176 48 48 176 176 176 176 48 48 80 96 0 0 48 48 48 48 48 48 48 48 48 48 48 48 48 48 48 48 48 48 48 48 48 48 48 48 48 48 48 48 48 48 48 48 48 48 48 48 48 48 48 48 48 48 48 48 48 48 48 48 48 48 48 48 48 48 48 48 48 48 48 48 48 48 48 48 48 48 
48 48 48 48 80 96 48 48 48 48 176 176 48 48 80 96 80 96 48 48 80 96 48 48 48 48 0 0 48 48 48 48 48 48 48 48 48 48 80 96 48 48 0 0 0 0 48 48 48 48 48 48 48 48 48 48 48 48 48 48 48 48 48 48 48 48 48 48 48 48 176 176 48 48 48 48 176 176 176 176 176 176 48 48 48 48 176 176 176 176 48 48 48 48 48 48 176 176 48 48 48 48 48 48 48 48 48 48 48 48 48 48 48 48 48 48 48 48 48 48 48 48 48 48 48 48 48 48 48 48 48 48 48 48 48 48 48 48 48 48 48 48 48 48 48 48 48 48 48 48 48 48 48 48 48 48 48 48 48 48 
48 48 48 48 48 48 48 48 176 176 48 48 80 96 48 48 176 176 80 96 80 96 80 96 48 48 0 0 48 48 48 48 48 48 48 48 48 48 48 48 80 96 80 96 0 0 48 48 48 48 48 48 0 0 0 0 0 0 0 0 48 48 80 96 0 0 80 96 176 176 80 96 80 96 176 176 176 176 176 176 0 0 80 96 0 0 80 96 176 176 48 48 48 48 48 48 48 48 48 48 48 48 48 48 48 48 48 48 48 48 48 48 48 48 48 48 48 48 48 48 48 48 48 48 48 48 48 48 48 48 48 48 48 48 48 48 48 48 48 48 48 48 48 48 48 48 48 48 48 48 48 48 48 48 48 48 48 48 48 48 
48 48 48 48 48 48 176 176 176 176 48 48 80 96 48 48 48 48 48 48 80 96 48 48 80 96 0 0 48 48 48 48 48 48 80 96 80 96 80 96 48 48 48 48 0 0 0 0 80 96 0 0 0 0 80 96 0 0 80 96 80 96 48 48 80 96 176 176 48 48 176 176 176 176 80 96 176 176 48 48 80 96 48 48 48 48 80 96 80 96 80 96 48 48 48 48 48 48 176 176 48 48 48 48 48 48 48 48 48 48 48 48 48 48 48 48 48 48 48 48 48 48 48 48 48 48 48 48 48 48 48 48 48 48 48 48 48 48 48 48 48 48 48 48 48 48 48 48 48 48 48 48 48 48 48 48 48 48 48 48 
48 48 48 48 48 48 80 96 48 48 80 96 48 48 176 176 48 48 48 48 48 48 80 96 80 96 80 96 48 48 48 48 80 96 0 0 0 0 0 0 0 0 48 48 48 48 0 0 0 0 0 0 0 0 0 0 80 96 0 0 0 0 0 0 176 176 176 176 176 176 80 96 48 48 176 176 48 48 80 96 176 176 48 48 48 48 176 176 176 176 48 48 48 48 48 48 48 48 48 48 48 48 48 48 48 48 48 48 48 48 48 48 48 48 48 48 48 48 48 48 48 48 48 48 48 48 48 48 48 48 48 48 48 48 48 48 48 48 48 48 48 48 48 48 48 48 48 48 48 48 48 48 48 48 48 48 48 48 48 48 
48 48 48 48 176 176 176 176 48 48 48 48 48 48 48 48 80 96 48 48 48 48 48 48 48 48 80 96 48 48 80 96 48 48 48 48 48 48 48 48 80 96 0 0 0 0 0 0 0 0 0 0 80 96 0 0 0 0 0 0 48 48 48 48 80 96 48 48 48 48 80 96 80 96 176 176 80 96 48 48 176 176 48 48 48 48 80 96 176 176 48 48 48 48 48 48 48 48 176 176 48 48 48 48 48 48 48 48 48 48 48 48 48 48 48 48 48 48 48 48 48 48 48 48 48 48 48 48 48 48 48 48 48 48 48 48 48 48 48 48 48 48 48 48 48 48 48 48 48 48 48 48 48 48 48 48 48 48 48 48 
48 48 48 48 176 176 48 48 48 48 80 96 48 48 48 48 48 48 48 48 48 48 80 96 48 48 80 96 80 96 48 48 48 48 80 96 80 96 48 48 48 48 48 48 48 48 48 48 80 96 0 0 0 0 48 48 48 48 48 48 48 48 48 48 48 48 80 96 48 48 48 48 80 96 48 48 80 96 48 48 48 48 48 48 80 96 80 96 48 48 48 48 48 48 48 48 48 48 48 48 48 48 48 48 48 48 48 48 48 48 48 48 48 48 48 48 48 48 48 48 48 48 48 48 48 48 48 48 48 48 48 48 48 48 48 48 48 48 48 48 48 48 48 48 48 48 48 48 48 48 48 48 48 48 48 48 48 48 48 48 
48 48 48 48 176 176 176 176 48 48 48 48 48 48 176 176 48 48 48 48 48 48 48 48 48 48 0 0 0 0 80 96 80 96 48 48 48 48 80 96 48 48 48 48 80 96 0 0 80 96 0 0 80 96 80 96 80 96 80 96 80 96 80 96 48 48 48 48 48 48 176 176 80 96 80 96 48 48 48 48 176 176 48 48 80 96 80 96 176 176 48 48 48 48 48 48 48 48 176 176 48 48 48 48 48 48 48 48 48 48 48 48 48 48 48 48 48 48 48 48 48 48 48 48 48 48 48 48 48 48 48 48 48 48 48 48 48 48 48 48 48 48 48 48 48 48 48 48 48 48 48 48 48 48 48 48 48 48 48 48 
48 48 48 48 48 48 176 176 80 96 80 96 48 48 48 48 48 48 48 48 48 48 48 48 80 96 48 48 80 96 80 96 48 48 48 48 48 48 48 48 48 48 48 48 80 96 80 96 0 0 48 48 48 48 48 48 0 0 0 0 0 0 80 96 80 96 80 96 176 176 80 96 80 96 48 48 48 48 48 48 48 48 176 176 176 176 176 176 48 48 48 48 48 48 48 48 48 48 176 176 48 48 48 48 48 48 48 48 48 48 48 48 48 48 48 48 48 48 48 48 48 48 48 48 48 48 48 48 48 48 48 48 48 48 48 48 48 48 48 48 48 48 48 48 48 48 48 48 48 48 48 48 48 48 48 48 48 48 48 48 
48 48 48 48 48 48 176 176 48 48 48 48 176 176 48 48 48 48 48 48 48 48 48 48 48 48 48 48 0 0 80 96 80 96 48 48 80 96 48 48 48 48 80 96 0 0 0 0 80 96 48 48 48 48 48 48 48 48 48 48 80 96 80 96 0 0 0 0 80 96 0 0 48 48 48 48 80 96 48 48 176 176 80 96 176 176 48 48 176 176 48 48 48 48 48 48 48 48 48 48 48 48 48 48 48 48 48 48 48 48 48 48 48 48 48 48 48 48 48 48 48 48 48 48 48 48 48 48 48 48 48 48 48 48 48 48 48 48 48 48 48 48 48 48 48 48 48 48 48 48 48 48 48 48 48 48 48 48 48 48 
48 48 48 48 48 48 48 48 176 176 48 48 80 96 48 48 80 96 48 48 48 48 48 48 48 48 48 48 48 48 0 0 80 96 48 48 48 48 80 96 80 96 48 48 48 48 48 48 48 48 48 48 80 96 48 48 80 96 48 48 80 96 0 0 80 96 0 0 0 0 48 48 48 48 48 48 48 48 176 176 80 96 80 96 176 176 48 48 48 48 48 48 48 48 48 48 48 48 176 176 48 48 48 48 48 48 48 48 48 48 48 48 48 48 48 48 48 48 48 48 48 48 48 48 48 48 48 48 48 48 48 48 48 48 48 48 48 48 48 48 48 48 48 48 48 48 48 48 48 48 48 48 48 48 48 48 48 48 48 48 
48 48 48 48 48 48 48 48 176 176 80 96 48 48 48 48 48 48 48 48 48 48 48 48 48 48 48 48 80 96 48 48 80 96 80 96 80 96 48 48 48 48 80 96 48 48 80 96 48 48 80 96 80 96 80 96 0 0 80 96 80 96 0 0 48 48 48 48 80 96 48 48 48 48 48 48 80 96 80 96 48 48 176 176 176 176 48 48 48 48 48 48 48 48 48 48 48 48 48 48 48 48 48 48 48 48 48 48 48 48 48 48 48 48 48 48 48 48 48 48 48 48 48 48 48 48 48 48 48 48 48 48 48 48 48 48 48 48 48 48 48 48 48 48 48 48 48 48 48 48 48 48 48 48 48 48 48 48 48 48 
48 48 48 48 48 48 48 48 176 176 176 176 48 48 80 96 48 48 48 48 48 48 48 48 48 48 48 48 48 48 48 48 80 96 48 48 0 0 80 96 80 96 0 0 80 96 0 0 80 96 0 0 0 0 0 0 48 48 48 48 80 96 48 48 48 48 48 48 48 48 48 48 48 48 48 48 80 96 48 48 80 96 80 96 176 176 176 176 48 48 48 48 48 48 48 48 48 48 176 176 48 48 48 48 48 48 48 48 48 48 48 48 48 48 48 48 48 48 48 48 48 48 48 48 48 48 48 48 48 48 48 48 48 48 48 48 48 48 48 48 48 48 48 48 48 48 48 48 48 48 48 48 48 48 48 48 48 48 48 48 
48 48 48 48 48 48 48 48 176 176 176 176 48 48 48 48 80 96 48 48 48 48 48 48 48 48 80 96 48 48 48 48 48 48 48 48 48 48 48 48 80 96 48 48 48 48 48 48 48 48 48 48 48 48 48 48 48 48 48 48 48 48 48 48 48 48 48 48 80 96 48 48 80 96 48 48 80 96 176 176 48 48 48 48 48 48 48 48 48 48 48 48 48 48 48 48 176 176 176 176 48 48 48 48 48 48 48 48 48 48 48 48 48 48 48 48 48 48 48 48 48 48 48 48 48 48 48 48 48 48 48 48 48 48 48 48 48 48 48 48 48 48 48 48 48 48 48 48 48 48 48 48 48 48 48 48 48 48 48 48 
48 48 48 48 48 48 48 48 48 48 176 176 80 96 48 48 48 48 80 96 48 48 48 48 48 48 48 48 80 96 80 96 48 48 48 48 48 48 48 48 48 48 48 48 80 96 80 96 48 48 48 48 48 48 48 48 48 48 80 96 48 48 48 48 48 48 48 48 80 96 48 48 48 48 48 48 80 96 176 176 48 48 48 48 176 176 176 176 48 48 48 48 48 48 48 48 176 176 48 48 48 48 48 48 48 48 48 48 48 48 48 48 48 48 48 48 48 48 48 48 48 48 48 48 48 48 48 48 48 48 48 48 48 48 48 48 48 48 48 48 48 48 48 48 48 48 48 48 48 48 48 48 48 48 48 48 48 48 48 48 
48 48 48 48 48 48 48 48 48 48 176 176 48 48 48 48 48 48 48 48 48 48 48 48 48 48 80 96 48 48 48 48 48 48 48 48 48 48 48 48 48 48 48 48 48 48 80 96 48 48 48 48 80 96 48 48 80 96 48 48 80 96 48 48 80 96 48 48 80 96 48 48 48 48 176 176 48 48 80 96 48 48 48 48 176 176 48 48 48 48 48 48 48 48 48 48 176 176 48 48 48 48 48 48 48 48 48 48 48 48 48 48 48 48 48 48 48 48 48 48 48 48 48 48 48 48 48 48 48 48 48 48 48 48 48 48 48 48 48 48 48 48 48 48 48 48 48 48 48 48 48 48 48 48 48 48 48 48 48 48 
48 48 48 48 48 48 48 48 48 48 176 176 48 48 48 48 48 48 48 48 80 96 48 48 48 48 48 48 48 48 48 48 48 48 80 96 48 48 48 48 48 48 48 48 48 48 48 48 48 48 80 96 48 48 80 96 48 48 48 48 48 48 48 48 48 48 80 96 48 48 80 96 80 96 80 96 80 96 176 176 48 48 48 48 176 176 176 176 48 48 48 48 48 48 176 176 176 176 48 48 48 48 48 48 48 48 48 48 48 48 48 48 48 48 48 48 48 48 48 48 48 48 48 48 48 48 48 48 48 48 48 48 48 48 48 48 48 48 48 48 48 48 48 48 48 48 48 48 48 48 48 48 48 48 48 48 48 48 48 48 
48 48 48 48 48 48 48 48 48 48 48 48 48 48 48 48 80 96 48 48 48 48 48 48 80 96 48 48 48 48 80 96 48 48 48 48 48 48 80 96 48 48 48 48 48 48 48 48 48 48 48 48 48 48 80 96 48 48 48 48 48 48 48 48 80 96 80 96 48 48 80 96 48 48 48 48 176 176 176 176 48 48 48 48 176 176 176 176 48 48 48 48 48 48 176 176 48 48 48 48 48 48 48 48 48 48 48 48 48 48 48 48 48 48 48 48 48 48 48 48 48 48 48 48 48 48 48 48 48 48 48 48 48 48 48 48 48 48 48 48 48 48 48 48 48 48 48 48 48 48 48 48 48 48 48 48 48 48 48 48 
48 48 48 48 48 48 48 48 48 48 48 48 48 48 48 48 48 48 48 48 48 48 48 48 48 48 80 96 48 48 48 48 48 48 48 48 48 48 48 48 48 48 48 48 48 48 48 48 48 48 48 48 80 96 48 48 48 48 80 96 80 96 48 48 80 96 80 96 176 176 48 48 48 48 80 96 176 176 48 48 48 48 48 48 176 176 48 48 48 48 48 48 176 176 48 48 48 48 48 48 48 48 48 48 48 48 48 48 48 48 48 48 48 48 48 48 48 48 48 48 48 48 48 48 48 48 48 48 48 48 48 48 48 48 48 48 48 48 48 48 48 48 48 48 48 48 48 48 48 48 48 48 48 48 48 48 48 48 48 48 
48 48 48 48 48 48 48 48 48 48 48 48 48 48 48 48 48 48 80 96 48 48 48 48 80 96 48 48 48 48 80 96 48 48 48 48 48 48 48 48 48 48 80 96 48 48 48 48 48 48 48 48 48 48 48 48 48 48 48 48 80 96 80 96 48 48 80 96 176 176 176 176 176 176 176 176 48 48 48 48 48 48 48 48 176 176 176 176 48 48 176 176 176 176 48 48 48 48 48 48 48 48 48 48 48 48 48 48 48 48 48 48 48 48 48 48 48 48 48 48 48 48 48 48 48 48 48 48 48 48 48 48 48 48 48 48 48 48 48 48 48 48 48 48 48 48 48 48 48 48 48 48 48 48 48 48 48 48 48 48 
48 48 48 48 48 48 48 48 48 48 48 48 48 48 48 48 48 48 80 96 48 48 48 48 48 48 48 48 48 48 48 48 80 96 48 48 48 48 48 48 48 48 48 48 80 96 48 48 80 96 48 48 48 48 48 48 80 96 48 48 48 48 48 48 48 48 48 48 48 48 48 48 48 48 48 48 48 48 48 48 48 48 48 48 176 176 176 176 176 176 176 176 48 48 48 48 48 48 48 48 48 48 48 48 48 48 48 48 48 48 48 48 48 48 48 48 48 48 48 48 48 48 48 48 48 48 48 48 48 48 48 48 48 48 48 48 48 48 48 48 48 48 48 48 48 48 48 48 48 48 48 48 48 48 48 48 48 48 48 48 
48 48 48 48 48 48 48 48 48 48 48 48 48 48 48 48 48 48 48 48 80 96 48 48 80 96 48 48 48 48 48 48 48 48 80 96 48 48 80 96 48 48 48 48 48 48 48 48 80 96 48 48 80 96 80 96 48 48 48 48 48 48 80 96 48 48 48 48 48 48 80 96 80 96 48 48 48 48 48 48 48 48 48 48 176 176 176 176 48 48 48 48 48 48 48 48 48 48 48 48 48 48 48 48 48 48 48 48 48 48 48 48 48 48 48 48 48 48 48 48 48 48 48 48 48 48 48 48 48 48 48 48 48 48 48 48 48 48 48 48 48 48 48 48 48 48 48 48 48 48 48 48 48 48 48 48 48 48 48 48 
48 48 48 48 48 48 48 48 48 48 48 48 48 48 48 48 48 48 48 48 80 96 80 96 80 96 48 48 48 48 48 48 48 48 80 96 48 48 48 48 48 48 48 48 80 96 48 48 80 96 48 48 48 48 48 48 48 48 48 48 48 48 48 48 48 48 48 48 48 48 48 48 48 48 48 48 48 48 48 48 48 48 48 48 176 176 48 48 176 176 48 48 48 48 48 48 48 48 48 48 48 48 48 48 48 48 48 48 48 48 48 48 48 48 48 48 48 48 48 48 48 48 48 48 48 48 48 48 48 48 48 48 48 48 48 48 48 48 48 48 48 48 48 48 48 48 48 48 48 48 48 48 48 48 48 48 48 48 48 48 
48 48 48 48 48 48 48 48 48 48 48 48 48 48 48 48 48 48 48 48 48 48 48 48 48 48 48 48 48 48 48 48 48 48 48 48 48 48 48 48 48 48 48 48 48 48 48 48 48 48 48 48 48 48 48 48 48 48 80 96 48 48 48 48 48 48 48 48 48 48 48 48 48 48 48 48 48 48 48 48 48 48 48 48 176 176 176 176 48 48 48 48 48 48 48 48 48 48 48 48 48 48 48 48 48 48 48 48 48 48 48 48 48 48 48 48 48 48 48 48 48 48 48 48 48 48 48 48 48 48 48 48 48 48 48 48 48 48 48 48 48 48 48 48 48 48 48 48 48 48 48 48 48 48 48 48 48 48 48 48 
48 48 48 48 48 48 48 48 48 48 48 48 48 48 48 48 48 48 48 48 48 48 80 96 80 96 80 96 48 48 48 48 48 48 48 48 80 96 48 48 80 96 48 48 48 48 48 48 48 48 48 48 48 48 48 48 48 48 48 48 48 48 48 48 80 96 48 48 80 96 48 48 48 48 48 48 48 48 48 48 48 48 48 48 176 176 48 48 48 48 48 48 48 48 48 48 48 48 48 48 48 48 48 48 48 48 48 48 48 48 48 48 48 48 48 48 48 48 48 48 48 48 48 48 48 48 48 48 48 48 48 48 48 48 48 48 48 48 48 48 48 48 48 48 48 48 48 48 48 48 48 48 48 48 48 48 48 48 48 48 
48 48 48 48 48 48 48 48 48 48 48 48 48 48 48 48 48 48 48 48 48 48 80 96 48 48 48 48 48 48 80 96 48 48 48 48 48 48 48 48 48 48 48 48 48 48 48 48 80 96 48 48 80 96 48 48 48 48 48 48 48 48 48 48 48 48 48 48 48 48 48 48 48 48 48 48 48 48 48 48 48 48 48 48 176 176 48 48 48 48 48 48 48 48 48 48 48 48 48 48 48 48 48 48 48 48 48 48 48 48 48 48 48 48 48 48 48 48 48 48 48 48 48 48 48 48 48 48 48 48 48 48 48 48 48 48 48 48 48 48 48 48 48 48 48 48 48 48 48 48 48 48 48 48 48 48 48 48 48 48 
48 48 48 48 48 48 48 48 48 48 48 48 48 48 48 48 48 48 48 48 48 48 48 48 80 96 48 48 48 48 48 48 48 48 80 96 80 96 48 48 80 96 48 48 80 96 48 48 48 48 48 48 48 48 48 48 48 48 48 48 80 96 48 48 80 96 48 48 48 48 48 48 48 48 48 48 48 48 48 48 48 48 48 48 48 48 48 48 48 48 48 48 48 48 48 48 48 48 48 48 48 48 48 48 48 48 48 48 48 48 48 48 48 48 48 48 48 48 48 48 48 48 48 48 48 48 48 48 48 48 48 48 48 48 48 48 48 48 48 48 48 48 48 48 48 48 48 48 48 48 48 48 48 48 48 48 48 48 48 48 
48 48 48 48 48 48 48 48 48 48 48 48 48 48 48 48 48 48 48 48 48 48 48 48 48 48 80 96 80 96 80 96 48 48 48 48 48 48 48 48 48 48 80 96 48 48 80 96 48 48 48 48 80 96 48 48 80 96 48 48 80 96 48 48 48 48 48 48 48 48 48 48 48 48 48 48 48 48 48 48 48 48 48 48 48 48 48 48 48 48 48 48 48 48 48 48 48 48 48 48 48 48 48 48 48 48 48 48 48 48 48 48 48 48 48 48 48 48 48 48 48 48 48 48 48 48 48 48 48 48 48 48 48 48 48 48 48 48 48 48 48 48 48 48 48 48 48 48 48 48 48 48 48 48 48 48 48 48 48 48 
48 48 48 48 48 48 48 48 48 48 48 48 48 48 48 48 48 48 48 48 48 48 48 48 48 48 48 48 48 48 48 48 48 48 48 48 48 48 48 48 48 48 48 48 48 48 48 48 80 96 48 48 48 48 48 48 48 48 48 48 48 48 48 48 48 48 48 48 48 48 48 48 48 48 48 48 48 48 48 48 48 48 48 48 48 48 48 48 48 48 48 48 48 48 48 48 48 48 48 48 48 48 48 48 48 48 48 48 48 48 48 48 48 48 48 48 48 48 48 48 48 48 48 48 48 48 48 48 48 48 48 48 48 48 48 48 48 48 48 48 48 48 48 48 48 48 48 48 48 48 48 48 48 48 48 48 48 48 48 48 
48 48 48 48 48 48 48 48 48 48 48 48 48 48 48 48 48 48 48 48 48 48 48 48 48 48 48 48 80 96 48 48 48 48 48 48 48 48 48 48 48 48 48 48 48 48 48 48 48 48 48 48 48 48 48 48 80 96 48 48 48 48 48 48 48 48 48 48 48 48 48 48 48 48 48 48 48 48 48 48 48 48 48 48 48 48 48 48 48 48 48 48 48 48 48 48 48 48 48 48 48 48 48 48 48 48 48 48 48 48 48 48 48 48 48 48 48 48 48 48 48 48 48 48 48 48 48 48 48 48 48 48 48 48 48 48 48 48 48 48 48 48 48 48 48 48 48 48 48 48 48 48 48 48 48 48 48 48 48 48 
48 48 48 48 48 48 48 48 48 48 48 48 48 48 48 48 48 48 48 48 48 48 48 48 48 48 48 48 48 48 80 96 80 96 48 48 48 48 48 48 48 48 48 48 48 48 48 48 48 48 48 48 80 96 48 48 48 48 48 48 48 48 48 48 48 48 48 48 48 48 48 48 48 48 48 48 48 48 48 48 48 48 48 48 48 48 48 48 48 48 48 48 48 48 48 48 48 48 48 48 48 48 48 48 48 48 48 48 48 48 48 48 48 48 48 48 48 48 48 48 48 48 48 48 48 48 48 48 48 48 48 48 48 48 48 48 48 48 48 48 48 48 48 48 48 48 48 48 48 48 48 48 48 48 48 48 48 48 48 48 
48 48 48 48 48 48 48 48 48 48 48 48 48 48 48 48 48 48 48 48 48 48 48 48 48 48 48 48 48 48 48 48 48 48 80 96 48 48 80 96 80 96 48 48 80 96 48 48 80 96 48 48 48 48 48 48 48 48 48 48 48 48 48 48 48 48 48 48 48 48 48 48 48 48 48 48 48 48 48 48 48 48 48 48 48 48 48 48 48 48 48 48 48 48 48 48 48 48 48 48 48 48 48 48 48 48 48 48 48 48 48 48 48 48 48 48 48 48 48 48 48 48 48 48 48 48 48 48 48 48 48 48 48 48 48 48 48 48 48 48 48 48 48 48 48 48 48 48 48 48 48 48 48 48 48 48 48 48 48 48 
48 48 48 48 48 48 48 48 48 48 48 48 48 48 48 48 48 48 48 48 48 48 48 48 48 48 48 48 48 48 48 48 48 48 48 48 48 48 48 48 48 48 48 48 48 48 48 48 48 48 48 48 48 48 48 48 48 48 48 48 48 48 48 48 48 48 48 48 48 48 48 48 48 48 48 48 48 48 48 48 48 48 48 48 48 48 48 48 48 48 48 48 48 48 48 48 48 48 48 48 48 48 48 48 48 48 48 48 48 48 48 48 48 48 48 48 48 48 48 48 48 48 48 48 48 48 48 48 48 48 48 48 48 48 48 48 48 48 48 48 48 48 48 48 48 48 48 48 48 48 48 48 48 48 48 48 48 48 48 48 
48 48 48 48 48 48 48 48 48 48 48 48 48 48 48 48 48 48 48 48 48 48 48 48 48 48 48 48 48 48 48 48 48 48 48 48 48 48 48 48 48 48 48 48 48 48 48 48 48 48 48 48 48 48 48 48 48 48 48 48 48 48 48 48 48 48 48 48 48 48 48 48 48 48 48 48 48 48 48 48 48 48 48 48 48 48 48 48 48 48 48 48 48 48 48 48 48 48 48 48 48 48 48 48 48 48 48 48 48 48 48 48 48 48 48 48 48 48 48 48 48 48 48 48 48 48 48 48 48 48 48 48 48 48 48 48 48 48 48 48 48 48 48 48 48 48 48 48 48 48 48 48 48 48 48 48 48 48 48 48 
48 48 48 48 48 48 48 48 48 48 48 48 48 48 48 48 48 48 48 48 48 48 48 48 48 48 48 48 48 48 48 48 48 48 48 48 48 48 48 48 48 48 48 48 48 48 48 48 48 48 48 48 48 48 48 48 48 48 48 48 48 48 48 48 48 48 48 48 48 48 48 48 48 48 48 48 48 48 48 48 48 48 48 48 48 48 48 48 48 48 48 48 48 48 48 48 48 48 48 48 48 48 48 48 48 48 48 48 48 48 48 48 48 48 48 48 48 48 48 48 48 48 48 48 48 48 48 48 48 48 48 48 48 48 48 48 48 48 48 48 48 48 48 48 48 48 48 48 48 48 48 48 48 48 48 48 48 48 48 48 
48 48 48 48 48 48 48 48 48 48 48 48 48 48 48 48 48 48 48 48 48 48 48 48 48 48 48 48 48 48 48 48 48 48 48 48 48 48 48 48 48 48 48 48 48 48 48 48 48 48 48 48 48 48 48 48 48 48 48 48 48 48 48 48 48 48 48 48 48 48 48 48 48 48 48 48 48 48 48 48 48 48 48 48 48 48 48 48 48 48 48 48 48 48 48 48 48 48 48 48 48 48 48 48 48 48 48 48 48 48 48 48 48 48 48 48 48 48 48 48 48 48 48 48 48 48 48 48 48 48 48 48 48 48 48 48 48 48 48 48 48 48 48 48 48 48 48 48 48 48 48 48 48 48 48 48 48 48 48 48 
48 48 48 48 48 48 48 48 48 48 48 48 48 48 48 48 48 48 48 48 48 48 48 48 48 48 48 48 48 48 48 48 48 48 48 48 48 48 48 48 48 48 48 48 48 48 48 48 48 48 48 48 48 48 48 48 48 48 48 48 48 48 48 48 48 48 48 48 48 48 48 48 48 48 48 48 48 48 48 48 48 48 48 48 48 48 48 48 48 48 48 48 48 48 48 48 48 48 48 48 48 48 48 48 48 48 48 48 48 48 48 48 48 48 48 48 48 48 48 48 48 48 48 48 48 48 48 48 48 48 48 48 48 48 48 48 48 48 48 48 48 48 48 48 48 48 48 48 48 48 48 48 48 48 48 48 48 48 48 48 
48 48 48 48 48 48 48 48 48 48 48 48 48 48 48 48 48 48 48 48 48 48 48 48 48 48 48 48 48 48 48 48 48 48 48 48 48 48 48 48 48 48 48 48 48 48 48 48 48 48 48 48 48 48 48 48 48 48 48 48 48 48 48 48 48 48 48 48 48 48 48 48 48 48 48 48 48 48 48 48 48 48 48 48 48 48 48 48 48 48 48 48 48 48 48 48 48 48 48 48 48 48 48 48 48 48 48 48 48 48 48 48 48 48 48 48 48 48 48 48 48 48 48 48 48 48 48 48 48 48 48 48 48 48 48 48 48 48 48 48 48 48 48 48 48 48 48 48 48 48 48 48 48 48 48 48 48 48 48 48 
